a <- 1+1
b <- a+1
A <- 2-1
